A=[70 0 1;60 1 -1;40 -1 0];
Ý=[636;518;307];

X=A\Ý